0.000000000000000000e+00 2.110255279541015625e+02 1.570960540771484375e+02 5.392945480346679688e+01 0.000000000000000000e+00
1.000000000000000000e+00 1.642837066650390625e+02 1.339316406250000000e+02 3.033624267578125000e+01 1.580119319260120392e-02
2.000000000000000000e+00 1.414707183837890625e+02 1.223435897827148438e+02 1.906927299499511719e+01 5.785961076617240906e-02
3.000000000000000000e+00 1.261378936767578125e+02 1.138126296997070312e+02 1.226408100128173828e+01 6.117173284292221069e-02
4.000000000000000000e+00 1.170554428100585938e+02 1.082805252075195312e+02 8.720066070556640625e+00 5.488260462880134583e-02
5.000000000000000000e+00 1.106643524169921875e+02 1.039908294677734375e+02 6.606146335601806641e+00 6.739024817943572998e-02
6.000000000000000000e+00 1.054891433715820312e+02 1.002420578002929688e+02 5.185148239135742188e+00 6.191295385360717773e-02
7.000000000000000000e+00 1.011084594726562500e+02 9.691876983642578125e+01 4.135926246643066406e+00 5.370665714144706726e-02
8.000000000000000000e+00 9.712224578857421875e+01 9.385814666748046875e+01 3.231581211090087891e+00 3.252794221043586731e-02
9.000000000000000000e+00 9.443690490722656250e+01 9.147937774658203125e+01 2.870476484298706055e+00 8.704233169555664062e-02
1.000000000000000000e+01 9.163566589355468750e+01 8.916859436035156250e+01 2.410130262374877930e+00 5.694729089736938477e-02
1.100000000000000000e+01 8.915548706054687500e+01 8.708600616455078125e+01 2.042394399642944336e+00 2.712294831871986389e-02
1.200000000000000000e+01 8.661240386962890625e+01 8.490190124511718750e+01 1.681856989860534668e+00 2.861771360039710999e-02
1.300000000000000000e+01 8.481262207031250000e+01 8.318748474121093750e+01 1.567791581153869629e+00 5.733000487089157104e-02
1.400000000000000000e+01 8.275112915039062500e+01 8.135459899902343750e+01 1.367940783500671387e+00 2.858256176114082336e-02
1.500000000000000000e+01 8.071936035156250000e+01 7.950185394287109375e+01 1.172590017318725586e+00 4.487090185284614563e-02
1.600000000000000000e+01 7.931044006347656250e+01 7.803018951416015625e+01 1.188213348388671875e+00 9.199831634759902954e-02
1.700000000000000000e+01 7.708759307861328125e+01 7.610937500000000000e+01 9.345663189888000488e-01 4.363641515374183655e-02
1.800000000000000000e+01 7.554779052734375000e+01 7.460600280761718750e+01 8.838798999786376953e-01 5.790637060999870300e-02
1.900000000000000000e+01 7.379855346679687500e+01 7.299623107910156250e+01 7.661833167076110840e-01 3.613928332924842834e-02
2.000000000000000000e+01 7.203022003173828125e+01 7.134251403808593750e+01 6.490007638931274414e-01 3.862477838993072510e-02
2.100000000000000000e+01 7.077296447753906250e+01 7.008460998535156250e+01 6.358870863914489746e-01 5.242912098765373230e-02
2.200000000000000000e+01 6.947795867919921875e+01 6.875780487060546875e+01 6.468998193740844727e-01 7.324334233999252319e-02
2.300000000000000000e+01 6.783398437500000000e+01 6.718327331542968750e+01 5.513586401939392090e-01 9.935496002435684204e-02
2.400000000000000000e+01 6.669641876220703125e+01 6.603296661376953125e+01 5.361878871917724609e-01 1.272420287132263184e-01
2.500000000000000000e+01 6.514828491210937500e+01 6.458510589599609375e+01 4.473592340946197510e-01 1.158163622021675110e-01
2.600000000000000000e+01 6.453943634033203125e+01 6.371409225463867188e+01 5.545701384544372559e-01 2.707855105400085449e-01
2.700000000000000000e+01 6.274078369140625000e+01 6.217434310913085938e+01 4.066179394721984863e-01 1.597947627305984497e-01
2.800000000000000000e+01 6.157688903808593750e+01 6.098128128051757812e+01 3.745191991329193115e-01 2.210809141397476196e-01
2.900000000000000000e+01 6.076990127563476562e+01 6.006763839721679688e+01 4.261882603168487549e-01 2.761073410511016846e-01
3.000000000000000000e+01 5.956592559814453125e+01 5.896618270874023438e+01 3.146009445190429688e-01 2.851612269878387451e-01
3.100000000000000000e+01 5.842251968383789062e+01 5.778475189208984375e+01 3.078993558883666992e-01 3.298657834529876709e-01
3.200000000000000000e+01 5.788460540771484375e+01 5.706992340087890625e+01 3.804957270622253418e-01 4.342114925384521484e-01
3.300000000000000000e+01 5.662545013427734375e+01 5.601993942260742188e+01 2.744604051113128662e-01 3.310567140579223633e-01
3.400000000000000000e+01 5.561992263793945312e+01 5.499920272827148438e+01 2.661638855934143066e-01 3.545236885547637939e-01
3.500000000000000000e+01 5.480507278442382812e+01 5.414340591430664062e+01 2.412985563278198242e-01 4.203702211380004883e-01
3.600000000000000000e+01 5.382192993164062500e+01 5.317412185668945312e+01 2.448596507310867310e-01 4.029429554939270020e-01
3.700000000000000000e+01 5.309014511108398438e+01 5.242830276489257812e+01 2.184324711561203003e-01 4.434117078781127930e-01
3.800000000000000000e+01 5.279388427734375000e+01 5.187120819091796875e+01 3.286399543285369873e-01 5.940436720848083496e-01
3.900000000000000000e+01 5.124431610107421875e+01 5.064250183105468750e+01 1.933118999004364014e-01 4.085241556167602539e-01
4.000000000000000000e+01 5.070431518554687500e+01 4.999057388305664062e+01 2.045599222183227539e-01 5.091818571090698242e-01
4.100000000000000000e+01 4.965882873535156250e+01 4.904201889038085938e+01 1.860105246305465698e-01 4.307937026023864746e-01
4.200000000000000000e+01 4.913850784301757812e+01 4.845149612426757812e+01 1.926455050706863403e-01 4.944162666797637939e-01
4.300000000000000000e+01 4.861550903320312500e+01 4.780714797973632812e+01 2.476645410060882568e-01 5.607075691223144531e-01
4.400000000000000000e+01 4.732799148559570312e+01 4.670507431030273438e+01 1.776639819145202637e-01 4.452509880065917969e-01
4.500000000000000000e+01 4.729483413696289062e+01 4.643299865722656250e+01 1.954229474067687988e-01 6.664322018623352051e-01
4.600000000000000000e+01 4.602644729614257812e+01 4.538082885742187500e+01 1.665812730789184570e-01 4.790414571762084961e-01
4.700000000000000000e+01 4.586572647094726562e+01 4.499563217163085938e+01 1.883599907159805298e-01 6.817053556442260742e-01
4.800000000000000000e+01 4.512075805664062500e+01 4.439103317260742188e+01 1.672102659940719604e-01 5.625035762786865234e-01
4.900000000000000000e+01 4.401884460449218750e+01 4.340654373168945312e+01 1.572393029928207397e-01 4.550514519214630127e-01
5.000000000000000000e+01 4.337021255493164062e+01 4.264942932128906250e+01 1.948240846395492554e-01 5.259476900100708008e-01
5.100000000000000000e+01 4.315255737304687500e+01 4.232447052001953125e+01 1.658341139554977417e-01 6.622520089149475098e-01
5.200000000000000000e+01 4.221854019165039062e+01 4.155126571655273438e+01 1.513718962669372559e-01 5.159217715263366699e-01
5.300000000000000000e+01 4.159389114379882812e+01 4.092258834838867188e+01 1.497024297714233398e-01 5.216130614280700684e-01
5.400000000000000000e+01 4.099671554565429688e+01 4.028035354614257812e+01 1.470971107482910156e-01 5.692768096923828125e-01
5.500000000000000000e+01 4.054273986816406250e+01 3.978697967529296875e+01 1.525003761053085327e-01 6.032277941703796387e-01
5.600000000000000000e+01 4.027845382690429688e+01 3.929131317138671875e+01 1.817325949668884277e-01 8.054043054580688477e-01
5.700000000000000000e+01 3.932478713989257812e+01 3.852745056152343750e+01 1.522791832685470581e-01 6.450459361076354980e-01
5.800000000000000000e+01 3.859333038330078125e+01 3.792186737060546875e+01 1.430814117193222046e-01 5.283787250518798828e-01
5.900000000000000000e+01 3.803214263916015625e+01 3.726146316528320312e+01 1.535825878381729126e-01 6.171107888221740723e-01
6.000000000000000000e+01 3.741945266723632812e+01 3.666338348388671875e+01 1.388239711523056030e-01 6.172599196434020996e-01
6.100000000000000000e+01 3.704087066650390625e+01 3.627908706665039062e+01 1.352131515741348267e-01 6.265903115272521973e-01
6.200000000000000000e+01 3.651371383666992188e+01 3.575403976440429688e+01 1.351419687271118164e-01 6.245006322860717773e-01
6.300000000000000000e+01 3.624040222167968750e+01 3.535469055175781250e+01 1.384878605604171753e-01 7.472320795059204102e-01
6.400000000000000000e+01 3.527722549438476562e+01 3.464975357055664062e+01 1.369528621435165405e-01 4.905196726322174072e-01
6.500000000000000000e+01 3.481066894531250000e+01 3.412649536132812500e+01 1.282594352960586548e-01 5.559171438217163086e-01
6.600000000000000000e+01 3.405776214599609375e+01 3.335872268676757812e+01 1.374763548374176025e-01 5.615485310554504395e-01
6.700000000000000000e+01 3.375971221923828125e+01 3.301046371459960938e+01 1.791364103555679321e-01 5.701177120208740234e-01
6.800000000000000000e+01 3.339016723632812500e+01 3.256458282470703125e+01 1.320797353982925415e-01 6.935141682624816895e-01
6.900000000000000000e+01 3.275716400146484375e+01 3.202474975585937500e+01 1.297958046197891235e-01 6.026276350021362305e-01
7.000000000000000000e+01 3.240226364135742188e+01 3.160981941223144531e+01 1.261481493711471558e-01 6.662966012954711914e-01
7.100000000000000000e+01 3.167469787597656250e+01 3.091459655761718750e+01 1.284089237451553345e-01 6.317124366760253906e-01
7.200000000000000000e+01 3.143466758728027344e+01 3.054858207702636719e+01 1.726439446210861206e-01 7.134405970573425293e-01
7.300000000000000000e+01 3.071423912048339844e+01 3.007032775878906250e+01 1.252057254314422607e-01 5.187024474143981934e-01
7.400000000000000000e+01 3.063184165954589844e+01 2.979770851135253906e+01 1.320604532957077026e-01 7.020785808563232422e-01
7.500000000000000000e+01 2.979319000244140625e+01 2.904079437255859375e+01 1.236969679594039917e-01 6.287022233009338379e-01
7.600000000000000000e+01 2.957513236999511719e+01 2.882457733154296875e+01 1.215223744511604309e-01 6.290400028228759766e-01
7.700000000000000000e+01 2.891928100585937500e+01 2.820833778381347656e+01 1.207943409681320190e-01 5.901522040367126465e-01
7.800000000000000000e+01 2.860155677795410156e+01 2.796149253845214844e+01 1.237679421901702881e-01 5.162931680679321289e-01
7.900000000000000000e+01 2.832215499877929688e+01 2.763867187500000000e+01 1.193121075630187988e-01 5.641604065895080566e-01
8.000000000000000000e+01 2.773851585388183594e+01 2.708723640441894531e+01 1.183820292353630066e-01 5.329042673110961914e-01
8.100000000000000000e+01 2.737234878540039062e+01 2.668670654296875000e+01 1.189490780234336853e-01 5.666925907135009766e-01
8.200000000000000000e+01 2.734084129333496094e+01 2.649091529846191406e+01 1.247571706771850586e-01 7.251579165458679199e-01
8.300000000000000000e+01 2.663415718078613281e+01 2.594497680664062500e+01 1.177727952599525452e-01 5.714047551155090332e-01
8.400000000000000000e+01 2.611466598510742188e+01 2.550138473510742188e+01 1.173571869730949402e-01 4.959143102169036865e-01
8.500000000000000000e+01 2.648109817504882812e+01 2.551344680786132812e+01 1.209284141659736633e-01 8.467355370521545410e-01
8.600000000000000000e+01 2.520096015930175781e+01 2.459218788146972656e+01 1.164263114333152771e-01 4.923292696475982666e-01
8.700000000000000000e+01 2.516704368591308594e+01 2.449449348449707031e+01 1.163854897022247314e-01 5.561648607254028320e-01
8.800000000000000000e+01 2.484013748168945312e+01 2.416495513916015625e+01 1.163787469267845154e-01 5.588052272796630859e-01
8.900000000000000000e+01 2.474597167968750000e+01 2.407384490966796875e+01 1.166755333542823792e-01 5.554632544517517090e-01
9.000000000000000000e+01 2.448752593994140625e+01 2.372375106811523438e+01 1.168542802333831787e-01 6.469184160232543945e-01
9.100000000000000000e+01 2.366800117492675781e+01 2.302061080932617188e+01 1.150985434651374817e-01 5.322984457015991211e-01
9.200000000000000000e+01 2.399051666259765625e+01 2.320151519775390625e+01 1.567623019218444824e-01 6.322247982025146484e-01
9.300000000000000000e+01 2.344801902770996094e+01 2.271751976013183594e+01 1.240377128124237061e-01 6.064476966857910156e-01
9.400000000000000000e+01 2.323509025573730469e+01 2.251798629760742188e+01 1.151849702000617981e-01 6.019297242164611816e-01
9.500000000000000000e+01 2.281218719482421875e+01 2.211998558044433594e+01 1.310710608959197998e-01 5.611269474029541016e-01
9.600000000000000000e+01 2.207482719421386719e+01 2.144504737854003906e+01 1.136995404958724976e-01 5.160755515098571777e-01
9.700000000000000000e+01 2.242203140258789062e+01 2.164503860473632812e+01 1.236472129821777344e-01 6.533390879631042480e-01
9.800000000000000000e+01 2.186441802978515625e+01 2.113200569152832031e+01 1.147126108407974243e-01 6.176874637603759766e-01
9.900000000000000000e+01 2.153867721557617188e+01 2.089731788635253906e+01 1.134055331349372864e-01 5.279539823532104492e-01
1.000000000000000000e+02 2.135005378723144531e+01 2.069932937622070312e+01 1.162400245666503906e-01 5.344821810722351074e-01
1.010000000000000000e+02 2.086586189270019531e+01 2.025001525878906250e+01 1.134318262338638306e-01 5.024188756942749023e-01
1.020000000000000000e+02 2.041397666931152344e+01 1.986980438232421875e+01 1.177968457341194153e-01 4.263757169246673584e-01
1.030000000000000000e+02 2.027979087829589844e+01 1.966768646240234375e+01 1.129880324006080627e-01 4.991105794906616211e-01
1.040000000000000000e+02 2.060465431213378906e+01 1.988921737670898438e+01 1.146060228347778320e-01 6.008374691009521484e-01
1.050000000000000000e+02 2.069976234436035156e+01 1.993499183654785156e+01 1.148014515638351440e-01 6.499634981155395508e-01
1.060000000000000000e+02 1.988302421569824219e+01 1.927056121826171875e+01 1.123315095901489258e-01 5.001382827758789062e-01
1.070000000000000000e+02 1.969120216369628906e+01 1.904342269897460938e+01 1.117230951786041260e-01 5.360607504844665527e-01
1.080000000000000000e+02 1.978870582580566406e+01 1.901161384582519531e+01 1.125947162508964539e-01 6.644970178604125977e-01
1.090000000000000000e+02 1.948239135742187500e+01 1.880358886718750000e+01 1.136128604412078857e-01 5.651884675025939941e-01
1.100000000000000000e+02 1.856324768066406250e+01 1.794577026367187500e+01 1.131184324622154236e-01 5.043587088584899902e-01
1.110000000000000000e+02 1.879380607604980469e+01 1.815978622436523438e+01 1.122715845704078674e-01 5.217422842979431152e-01
1.120000000000000000e+02 1.850302314758300781e+01 1.790597343444824219e+01 1.115233078598976135e-01 4.855255782604217529e-01
1.130000000000000000e+02 1.832623100280761719e+01 1.778911209106445312e+01 1.133319959044456482e-01 4.237823486328125000e-01
1.140000000000000000e+02 1.851762008666992188e+01 1.788412666320800781e+01 1.112477257847785950e-01 5.222513675689697266e-01
1.150000000000000000e+02 1.827512931823730469e+01 1.750425148010253906e+01 1.162580102682113647e-01 6.546075940132141113e-01
1.160000000000000000e+02 1.818895149230957031e+01 1.747258377075195312e+01 1.117796674370765686e-01 6.045839786529541016e-01
1.170000000000000000e+02 1.773077201843261719e+01 1.707253646850585938e+01 1.280680000782012939e-01 5.301667451858520508e-01
1.180000000000000000e+02 1.732496452331542969e+01 1.680743789672851562e+01 1.114659905433654785e-01 4.060521125793457031e-01
1.190000000000000000e+02 1.722650718688964844e+01 1.670107269287109375e+01 1.108896434307098389e-01 4.145406484603881836e-01
1.200000000000000000e+02 1.726369476318359375e+01 1.673894119262695312e+01 1.103439033031463623e-01 4.144135415554046631e-01
1.210000000000000000e+02 1.800548171997070312e+01 1.725300979614257812e+01 1.119683757424354553e-01 6.405016779899597168e-01
1.220000000000000000e+02 1.658489608764648438e+01 1.601015090942382812e+01 1.119107902050018311e-01 4.628440439701080322e-01
1.230000000000000000e+02 1.707956695556640625e+01 1.645299339294433594e+01 1.120410561561584473e-01 5.145286321640014648e-01
1.240000000000000000e+02 1.674573516845703125e+01 1.600410079956054688e+01 1.628191322088241577e-01 5.788100361824035645e-01
1.250000000000000000e+02 1.662688255310058594e+01 1.605783081054687500e+01 1.104864776134490967e-01 4.585628211498260498e-01
1.260000000000000000e+02 1.665155601501464844e+01 1.594930553436279297e+01 1.105434373021125793e-01 5.917090177536010742e-01
1.270000000000000000e+02 1.661845970153808594e+01 1.600784683227539062e+01 1.112636551260948181e-01 4.993466734886169434e-01
1.280000000000000000e+02 1.641710281372070312e+01 1.573772144317626953e+01 1.111001595854759216e-01 5.682736039161682129e-01
1.290000000000000000e+02 1.575531673431396484e+01 1.529236698150634766e+01 1.116447597742080688e-01 3.512989282608032227e-01
1.300000000000000000e+02 1.642472648620605469e+01 1.565869903564453125e+01 1.279058605432510376e-01 6.381207704544067383e-01
1.310000000000000000e+02 1.585934066772460938e+01 1.529162406921386719e+01 1.091325059533119202e-01 4.585854709148406982e-01
1.320000000000000000e+02 1.553848075866699219e+01 1.507297039031982422e+01 1.108691170811653137e-01 3.546469807624816895e-01
1.330000000000000000e+02 1.572109317779541016e+01 1.502303886413574219e+01 1.125598251819610596e-01 5.854941010475158691e-01
1.340000000000000000e+02 1.477195167541503906e+01 1.429362010955810547e+01 1.091880053281784058e-01 3.691411018371582031e-01
1.350000000000000000e+02 1.578583145141601562e+01 1.511682319641113281e+01 1.104423105716705322e-01 5.585679411888122559e-01
1.360000000000000000e+02 1.519855785369873047e+01 1.470655727386474609e+01 1.101639792323112488e-01 3.818455636501312256e-01
1.370000000000000000e+02 1.500282669067382812e+01 1.451130771636962891e+01 1.103319004178047180e-01 3.811810612678527832e-01
1.380000000000000000e+02 1.496033859252929688e+01 1.443806648254394531e+01 1.105441078543663025e-01 4.117211699485778809e-01
1.390000000000000000e+02 1.512870788574218750e+01 1.451256465911865234e+01 1.184835061430931091e-01 4.976590573787689209e-01
1.400000000000000000e+02 1.534398746490478516e+01 1.465306663513183594e+01 1.104894354939460754e-01 5.804284214973449707e-01
1.410000000000000000e+02 1.473609256744384766e+01 1.419044589996337891e+01 1.103810071945190430e-01 4.352614879608154297e-01
1.420000000000000000e+02 1.492557048797607422e+01 1.439420509338378906e+01 1.228769272565841675e-01 4.084942042827606201e-01
1.430000000000000000e+02 1.514679527282714844e+01 1.443946838378906250e+01 1.140984445810317993e-01 5.932263135910034180e-01
1.440000000000000000e+02 1.435541629791259766e+01 1.382057857513427734e+01 1.092132106423377991e-01 4.256298840045928955e-01
1.450000000000000000e+02 1.424179744720458984e+01 1.373990726470947266e+01 1.105714738368988037e-01 3.913163840770721436e-01
1.460000000000000000e+02 1.473500919342041016e+01 1.418376445770263672e+01 1.095374673604965210e-01 4.417015016078948975e-01
1.470000000000000000e+02 1.478453254699707031e+01 1.415736484527587891e+01 1.118883639574050903e-01 5.152804851531982422e-01
1.480000000000000000e+02 1.443330574035644531e+01 1.386167240142822266e+01 1.095686256885528564e-01 4.620615541934967041e-01
1.490000000000000000e+02 1.431940269470214844e+01 1.370294761657714844e+01 1.110793724656105042e-01 5.053763985633850098e-01
1.500000000000000000e+02 1.427663326263427734e+01 1.377013301849365234e+01 1.188117936253547668e-01 3.876878321170806885e-01
1.510000000000000000e+02 1.403119659423828125e+01 1.349960708618164062e+01 1.097065806388854980e-01 4.218825399875640869e-01
1.520000000000000000e+02 1.408103370666503906e+01 1.346768093109130859e+01 1.102538779377937317e-01 5.031086802482604980e-01
1.530000000000000000e+02 1.388004398345947266e+01 1.337626743316650391e+01 1.117959618568420410e-01 3.919833004474639893e-01
1.540000000000000000e+02 1.377259349822998047e+01 1.327766227722167969e+01 1.103440597653388977e-01 3.845858275890350342e-01
1.550000000000000000e+02 1.390550708770751953e+01 1.338668155670166016e+01 1.099849715828895569e-01 4.088393151760101318e-01
1.560000000000000000e+02 1.389089393615722656e+01 1.327263736724853516e+01 1.120201423764228821e-01 5.062386393547058105e-01
1.570000000000000000e+02 1.368414783477783203e+01 1.315398788452148438e+01 1.093603298068046570e-01 4.207918643951416016e-01
1.580000000000000000e+02 1.392328262329101562e+01 1.333172607421875000e+01 1.354169845581054688e-01 4.561336040496826172e-01
1.590000000000000000e+02 1.341426086425781250e+01 1.296734905242919922e+01 1.103047728538513184e-01 3.366072773933410645e-01
1.600000000000000000e+02 1.339733982086181641e+01 1.291723632812500000e+01 1.102543771266937256e-01 3.698490560054779053e-01
1.610000000000000000e+02 1.369569110870361328e+01 1.304411792755126953e+01 1.091495454311370850e-01 5.424197316169738770e-01
1.620000000000000000e+02 1.360949707031250000e+01 1.304384803771972656e+01 1.097906902432441711e-01 4.558595418930053711e-01
1.630000000000000000e+02 1.350479507446289062e+01 1.294326591491699219e+01 1.094339936971664429e-01 4.520966410636901855e-01
1.640000000000000000e+02 1.367514991760253906e+01 1.309459114074707031e+01 1.158779859542846680e-01 4.646840989589691162e-01
1.650000000000000000e+02 1.341239070892333984e+01 1.287827205657958984e+01 1.097582802176475525e-01 4.243588745594024658e-01
1.660000000000000000e+02 1.362759304046630859e+01 1.297767066955566406e+01 1.113306134939193726e-01 5.385892391204833984e-01
1.670000000000000000e+02 1.341845703125000000e+01 1.282906723022460938e+01 1.100042536854743958e-01 4.793897867202758789e-01
1.680000000000000000e+02 1.335760116577148438e+01 1.280317878723144531e+01 1.104760840535163879e-01 4.439508616924285889e-01
1.690000000000000000e+02 1.296173954010009766e+01 1.246815967559814453e+01 1.094233170151710510e-01 3.841587007045745850e-01
1.700000000000000000e+02 1.353183078765869141e+01 1.299663448333740234e+01 1.099949404597282410e-01 4.252004325389862061e-01
1.710000000000000000e+02 1.254053592681884766e+01 1.210825252532958984e+01 1.091247498989105225e-01 3.231515884399414062e-01
1.720000000000000000e+02 1.289182281494140625e+01 1.239111709594726562e+01 1.095283031463623047e-01 3.911781311035156250e-01
1.730000000000000000e+02 1.275105953216552734e+01 1.239910984039306641e+01 1.095318496227264404e-01 2.424142062664031982e-01
1.740000000000000000e+02 1.317524528503417969e+01 1.254336547851562500e+01 1.108769625425338745e-01 5.210027694702148438e-01
1.750000000000000000e+02 1.334587287902832031e+01 1.273847293853759766e+01 1.266091465950012207e-01 4.807920157909393311e-01
1.760000000000000000e+02 1.302828121185302734e+01 1.250929355621337891e+01 1.094963401556015015e-01 4.094875156879425049e-01
1.770000000000000000e+02 1.267897033691406250e+01 1.214606285095214844e+01 1.097938865423202515e-01 4.231095910072326660e-01
1.780000000000000000e+02 1.304947185516357422e+01 1.249803543090820312e+01 1.099116876721382141e-01 4.415239691734313965e-01
1.790000000000000000e+02 1.260616970062255859e+01 1.213367176055908203e+01 1.090685427188873291e-01 3.634296357631683350e-01
1.800000000000000000e+02 1.287484073638916016e+01 1.237416362762451172e+01 1.099067181348800659e-01 3.907704353332519531e-01
1.810000000000000000e+02 1.288267230987548828e+01 1.232768249511718750e+01 1.090024933218955994e-01 4.459877610206604004e-01
1.820000000000000000e+02 1.235940647125244141e+01 1.191211795806884766e+01 1.109450161457061768e-01 3.363337516784667969e-01
1.830000000000000000e+02 1.240512943267822266e+01 1.193754386901855469e+01 1.097112223505973816e-01 3.578760027885437012e-01
1.840000000000000000e+02 1.289194011688232422e+01 1.218431663513183594e+01 1.163127422332763672e-01 5.913155674934387207e-01
1.850000000000000000e+02 1.272296237945556641e+01 1.217070198059082031e+01 1.094407960772514343e-01 4.428164660930633545e-01
1.860000000000000000e+02 1.265422630310058594e+01 1.212455749511718750e+01 1.095409616827964783e-01 4.201321601867675781e-01
1.870000000000000000e+02 1.231659126281738281e+01 1.188089179992675781e+01 1.089162826538085938e-01 3.267803490161895752e-01
1.880000000000000000e+02 1.236781501770019531e+01 1.189488029479980469e+01 1.096836626529693604e-01 3.632509708404541016e-01
1.890000000000000000e+02 1.251733493804931641e+01 1.206034088134765625e+01 1.096117645502090454e-01 3.473826646804809570e-01
1.900000000000000000e+02 1.247073173522949219e+01 1.194945430755615234e+01 1.093066111207008362e-01 4.119718670845031738e-01
1.910000000000000000e+02 1.287389087677001953e+01 1.225197792053222656e+01 1.377121806144714355e-01 4.842076897621154785e-01
1.920000000000000000e+02 1.260016155242919922e+01 1.218043136596679688e+01 1.089141368865966797e-01 3.108078539371490479e-01
1.930000000000000000e+02 1.225295352935791016e+01 1.173868942260742188e+01 1.102481484413146973e-01 4.040181934833526611e-01
1.940000000000000000e+02 1.215513896942138672e+01 1.169003772735595703e+01 1.094105243682861328e-01 3.556913435459136963e-01
1.950000000000000000e+02 1.209130287170410156e+01 1.166688823699951172e+01 1.102142781019210815e-01 3.141969740390777588e-01
1.960000000000000000e+02 1.209715843200683594e+01 1.171306133270263672e+01 1.090421304106712341e-01 2.750567495822906494e-01
1.970000000000000000e+02 1.218689537048339844e+01 1.170144844055175781e+01 1.094003468751907349e-01 3.760536015033721924e-01
1.980000000000000000e+02 1.162218475341796875e+01 1.118720817565917969e+01 1.090338528156280518e-01 3.259429037570953369e-01
1.990000000000000000e+02 1.291226482391357422e+01 1.222957134246826172e+01 1.110385209321975708e-01 5.716515183448791504e-01
2.000000000000000000e+02 1.208314990997314453e+01 1.158859348297119141e+01 1.088203042745590210e-01 3.857287168502807617e-01
2.010000000000000000e+02 1.240940284729003906e+01 1.177678966522216797e+01 1.097454354166984558e-01 5.228693485260009766e-01
2.020000000000000000e+02 1.238275623321533203e+01 1.188349819183349609e+01 1.097707897424697876e-01 3.894800543785095215e-01
2.030000000000000000e+02 1.229516220092773438e+01 1.182347297668457031e+01 1.098192259669303894e-01 3.618752062320709229e-01
2.040000000000000000e+02 1.229758167266845703e+01 1.177491664886474609e+01 1.109766364097595215e-01 4.116844534873962402e-01
2.050000000000000000e+02 1.237498569488525391e+01 1.184529876708984375e+01 1.093377992510795593e-01 4.203529655933380127e-01
2.060000000000000000e+02 1.250066375732421875e+01 1.205903434753417969e+01 1.092465668916702271e-01 3.323780596256256104e-01
2.070000000000000000e+02 1.153759098052978516e+01 1.112681293487548828e+01 1.105923652648925781e-01 3.001867830753326416e-01
2.080000000000000000e+02 1.196978569030761719e+01 1.152752208709716797e+01 1.097209602594375610e-01 3.325426578521728516e-01
2.090000000000000000e+02 1.176927185058593750e+01 1.138636493682861328e+01 1.091803088784217834e-01 2.737331390380859375e-01
2.100000000000000000e+02 1.178175163269042969e+01 1.140130329132080078e+01 1.097026988863945007e-01 2.707426548004150391e-01
2.110000000000000000e+02 1.217494773864746094e+01 1.161365318298339844e+01 1.085681989789009094e-01 4.527311921119689941e-01
2.120000000000000000e+02 1.163765239715576172e+01 1.124865150451660156e+01 1.104408055543899536e-01 2.785629630088806152e-01
2.130000000000000000e+02 1.188074779510498047e+01 1.140678119659423828e+01 1.088795140385627747e-01 3.650905787944793701e-01
2.140000000000000000e+02 1.175107669830322266e+01 1.129371166229248047e+01 1.094525903463363647e-01 3.479074239730834961e-01
2.150000000000000000e+02 1.192270469665527344e+01 1.154927921295166016e+01 1.094989702105522156e-01 2.639334499835968018e-01
2.160000000000000000e+02 1.175145149230957031e+01 1.132668304443359375e+01 1.098188757896423340e-01 3.149478137493133545e-01
2.170000000000000000e+02 1.292995166778564453e+01 1.211495208740234375e+01 1.097226738929748535e-01 7.052722573280334473e-01
2.180000000000000000e+02 1.219102954864501953e+01 1.153121376037597656e+01 1.476046144962310791e-01 5.122144818305969238e-01
2.190000000000000000e+02 1.209361267089843750e+01 1.162234020233154297e+01 1.087017282843589783e-01 3.625720143318176270e-01
2.200000000000000000e+02 1.189543533325195312e+01 1.130850219726562500e+01 1.097111254930496216e-01 4.772225320339202881e-01
2.210000000000000000e+02 1.205007266998291016e+01 1.155819320678710938e+01 1.092972084879875183e-01 3.825870752334594727e-01
2.220000000000000000e+02 1.161608028411865234e+01 1.121611309051513672e+01 1.091113537549972534e-01 2.908549308776855469e-01
2.230000000000000000e+02 1.172459888458251953e+01 1.126703071594238281e+01 1.102020964026451111e-01 3.473599255084991455e-01
2.240000000000000000e+02 1.226962375640869141e+01 1.170428180694580078e+01 1.096805855631828308e-01 4.556560218334197998e-01
2.250000000000000000e+02 1.173232936859130859e+01 1.117885017395019531e+01 1.100308150053024292e-01 4.434460103511810303e-01
2.260000000000000000e+02 1.132078838348388672e+01 1.089516448974609375e+01 1.096906512975692749e-01 3.159335851669311523e-01
2.270000000000000000e+02 1.157998561859130859e+01 1.116268348693847656e+01 1.091472432017326355e-01 3.081603646278381348e-01
2.280000000000000000e+02 1.153013610839843750e+01 1.096255874633789062e+01 1.099502891302108765e-01 4.576287269592285156e-01
2.290000000000000000e+02 1.186581993103027344e+01 1.143987560272216797e+01 1.087794750928878784e-01 3.171572387218475342e-01
2.300000000000000000e+02 1.144312095642089844e+01 1.104975318908691406e+01 1.100723445415496826e-01 2.832987308502197266e-01
2.310000000000000000e+02 1.141824913024902344e+01 1.099150085449218750e+01 1.089801713824272156e-01 3.177721798419952393e-01
2.320000000000000000e+02 1.186677169799804688e+01 1.142589282989501953e+01 1.099524199962615967e-01 3.309261500835418701e-01
2.330000000000000000e+02 1.135137367248535156e+01 1.094454288482666016e+01 1.094208657741546631e-01 2.974083125591278076e-01
2.340000000000000000e+02 1.168901062011718750e+01 1.118705081939697266e+01 1.102732717990875244e-01 3.916877508163452148e-01
2.350000000000000000e+02 1.205732059478759766e+01 1.163802909851074219e+01 1.088324859738349915e-01 3.104534447193145752e-01
2.360000000000000000e+02 1.146564960479736328e+01 1.094443607330322266e+01 1.097596511244773865e-01 4.114540517330169678e-01
2.370000000000000000e+02 1.129464817047119141e+01 1.085643386840820312e+01 1.094252765178680420e-01 3.287883996963500977e-01
2.380000000000000000e+02 1.143823623657226562e+01 1.101167869567871094e+01 1.098927706480026245e-01 3.166688978672027588e-01
2.390000000000000000e+02 1.177902603149414062e+01 1.123700714111328125e+01 1.086771190166473389e-01 4.333426654338836670e-01
2.400000000000000000e+02 1.102915477752685547e+01 1.066768169403076172e+01 1.091203987598419189e-01 2.523505687713623047e-01
2.410000000000000000e+02 1.137721443176269531e+01 1.091267871856689453e+01 1.093373298645019531e-01 3.551930189132690430e-01
2.420000000000000000e+02 1.139605426788330078e+01 1.099127006530761719e+01 1.096415221691131592e-01 2.951426208019256592e-01
2.430000000000000000e+02 1.161979484558105469e+01 1.105629634857177734e+01 1.102520897984504700e-01 4.532429575920104980e-01
2.440000000000000000e+02 1.096774768829345703e+01 1.062561702728271484e+01 1.093013212084770203e-01 2.328249365091323853e-01
2.450000000000000000e+02 1.124081325531005859e+01 1.085532569885253906e+01 1.098620668053627014e-01 2.756177186965942383e-01
2.460000000000000000e+02 1.159851646423339844e+01 1.114137840270996094e+01 1.094308868050575256e-01 3.477042615413665771e-01
2.470000000000000000e+02 1.155906867980957031e+01 1.112055397033691406e+01 1.095627769827842712e-01 3.289531767368316650e-01
2.480000000000000000e+02 1.147020530700683594e+01 1.099233913421630859e+01 1.098030358552932739e-01 3.680655658245086670e-01
2.490000000000000000e+02 1.141657352447509766e+01 1.094103336334228516e+01 1.151576191186904907e-01 3.603848516941070557e-01
2.500000000000000000e+02 1.065799808502197266e+01 1.028855419158935547e+01 1.090295091271400452e-01 2.604161798954010010e-01
2.510000000000000000e+02 1.104662132263183594e+01 1.061061573028564453e+01 1.089412122964859009e-01 3.270603716373443604e-01
